$ANSIBLE_VAULT;1.1;AES256
33313239373366333133333532393238333834363065303166613736346264303835623336353730
3739333430353865393935663762633038623762623535370a633964346632333966393162303366
33333963663631326134363035306632636332636136313239356663323137343430333034336237
6431626133386262340a393434353561623434346661656564333330663462643163373566373862
34316135653130353435363838623663386362663362363464343664343565373162663465643133
33636635373832326132376238643639636437353564613138346665663862333634353764353465
63363334636136616532656433373635356565646337323434326639663166633433633263646336
64643063346532666636313835333865643862316463386463613264623035363433613965313334
63333862376430353337663733646661616631613733373537376634393062353539376235306265
65393739636430333231343963356238643337343862626265663435623161373963363130623430
31623937613739633837323231376661623636356136653261316563326666653833333362643766
63376537653935633362656163613339316565303664626563326665333962366538363965643036
39376432356437343663303863666533306137343863663962383364346635353663393866623032
35623639393766613139376333643362396164623163633363356631363937353766383764353136
65306363623335383166386630336662333934343337626536653366666161393664643966373264
35393465343532663333646332353232326430646633333837633939623266303032646161316564
38613930313064306435383462663833373236306563616138346337313434646537306531343532
35663931643930303933313339633432353162303662356133663338646237343165326432666531
64306435623134333762663339643263336266393730363361393264303361323134616262303732
61353334343235616361366335373335326663643463306163353739316133383536653038356261
39633432643632393037363836373834336432383930613039386261306361383762303631363962
62343534656133316561383861643339663463623933313665633938363835643632373264363465
30666166326637373361656431643863656565663632666636636239623363343562396166386563
32663830333536333065633962623862646162656364656264303031376236393932363266663266
31656634346535363433623031653330393561303434386465613262343332313565376663303265
61636536306638396463356237386431646430353330396238653033613137353432633164306431
36333230613039613464643565643433656364396430663339333330313662656133366437653535
31623031313263303862336539303839653139306232643663336165376133636164373866393533
36663665383137633964333936363364316534363432656461613432313663633064663931386466
30646136353333663132396633653461616237643735343063303834363261373539323637303534
32353239653564326430646330613437336131393636366139653137633637656434633738663935
36373537653430373637633936623266623663646639626437373232326564383733333264623735
38323638376330346566646434356664316563356236336431656438353430373665353864343432
35323635616639653265393862626633376131333763343831326362353866393139636339636430
66666264333934346661346436343665653566386461316435623937383564333264653635306634
63633138636662646236626630643934353666636539373335653239623030383732353234393137
38313539396662613366363365666535626164663336373334356366326330313536393464373035
66356163333566323135336363303332326362663738393338626564343931383563393131396662
61323638633866326133306163643864336136643265393632613635623461666137373431336563
38313931333463343131613133333232656439386637653431663762636436313837653264643665
30376532653933393061623763303966376464646538613666616631616263393339323831333361
39653230373965323131383165363530666464663335303763656663353339363036656539393633
39353338346662663665653163363733636531663931646633353034386534383963613864323534
30313766373433363634353439306630653664313032343063663038393066366434353831386536
36353532333032636461376662343565663235636430313633623663623930643362363737356638
66356130366630636430373436653164633539643562306631343133636366653163616636633235
65363333313938343965396266636332663961306633646330366163393137663063303738653131
62616130353432633864613830376566323536363331316161643538393339303465343336346438
32386137343237363234646262323764383733363538393639383230313135353438643132326335
39656638396466663962633935656165366634303661336164303531633761323237313930366666
38313939353963633937386664316539323031653463623163383766343137373335653432353732
37376466386530646131633462363764343061326635363833373632393262626433663064643630
63356231393130326539383637313031626637613836313831303165376663326237646237366465
34643838396534313830333730663733313730616538373236323835383238623262326366663235
37343133323138376631313734386235396138353530343734363061356166303033343931353532
37646536663132383436376238333631636565393339663030353935316433373733623531313737
65396234626463383135633533396139623430353935633766623731623566373733363465306332
61346265306531306433303339643938383161316434633037346537346566303536363066386362
66323137343337343231336266623537386466643462616261316530353465366236396164333233
36663835323937346633373963356633633565303436336530316435373639633334323939376462
31363161643535616131613738623436373734326564393636653463356439373238303738616131
39653636383266636661343736623633343232333736353035613635366432373534343566386336
37306536396336303265653861633638663138333136323761643633343764393739636236386138
61646135623436616533353035333433363438373661383736633237666466313162303138316237
35343638623366636163633938626562616562623035373664333837336665623230653437303233
38393331323233393433353964383336353239346230656337393536353130333539306432313035
63646165306135346565376333343763316234303138636239373562313934303063373236326331
37383563396234616564663339303031396433316533653965616164323461333466316138336166
35623036383034373936623239383664313430656535353930396262316235306239333438646233
63616231373866333731343837303565326666313061383665643834366464323236636264653534
36343234663764346236323334656465383965613964356333393233303963363837373033373138
65613765653763666165393230366264646662396364616634303634333735356365343730363664
62393231616464623731343936353039653039306461383032326561313263623164656639353665
37396664303736343837626137643932636565363464613533343236313033636335623639623564
31326630323861393230363336396633336361633066353366656534633931333239636337633239
39386335393235623030653639343235353339346339326133616162653661663262313533373033
63356337643635313333343436616162343539376335613630303866633935333262633739626263
63363866663561396334373832373632633031633938626537666635313662666262396430326337
35356365303833373462396634353866613234376433383839656630636239656132626331373532
32313439623438346366626237303363303964323064336132343335626435656230386362343533
61343734636661343237633735393336383936633536313964656663333139653962383263356366
37666337383965633231396365326137333331666465633138313731663261343763326630333864
62303731336537613764613131373163316462663639303161316134343139346335333262313432
63333835646134376335373736366161343964356663386534663239613063303230643534363831
37646437326161373036313735656161383862616162633630366636303364363338346461333666
36666131663030363936383437383166323264663830343764346536633335613431383132386531
36333733346665623861336261336363643764363834373362623862643531663031633531633839
31313661336164343364376161363935346238633934633165663737626666343561376434646637
37396633393938373734323133376230643732646366333930393336636130653733633764366233
39383437326133356130663932303431663135643236356562383531316366343261616138626136
30363735376465323137323434396665616437363161663337376539666433393637383161303161
37393764313431376230363437366630393134633436653064663833653762666232346161643765
62343138333834353334363363346138376237346264326430666163346233353066326161386165
61636363656437356466643832316165343335613630396638333539613164396163373131313834
37663934653664393630333036633736386434613938363364666230326439656662613366653165
30666465613864346538356234336164363432653035386538366166646566376233363136346663
36373833313539303536326364363130633939333839626338343333326563666562323466366338
63376566386362306262386639336538393231633035363565633865346134353364626130336537
32343538333566376533373264373632386634346536636530653535356332363334373032323937
34366533373764346464633162663230616437386539663531376565353637643639313065653164
31653430393339343332333433396465666363313066623938643136636439396633303566323536
38353733653937326563666662646238366138366434356630333430643564393363303733356266
61313139393666393665343133363266383032333033636630653266653335653264383032613461
64616133373364383030613263343730633966363364613062313563653838323234386637626231
39656565636236353264313361643433653330323939653764323036626664643230333533616439
39386631653530323433366334663033356234643931383339646566383162396539313665356133
65616138393564396132653964633565396139333534633231393837323633363337623661663366
38643362626436353465643963363061323866303830626262643933386432306361383363393736
36353133333934363261383232646232316435623535313734306639353833396332353366653866
39303434373465653737656635326330353534383433386663313237326332323836343339613165
64363637353763326239623564623230653861626662356532306562623736333839356136353263
30333332643438363130626137373839343962656333666661623961393264663333356265636239
39363531663031343665623362303961643631383037383561623464316133633934643566626136
61363234333439336166316139383466333133623033313538363238643265393363616363613861
62343732376533656139656233376266663138643862613365646664326136363636346466643935
36386638323061373935356434316263353236636135613236383761633833373363373362623465
61313365353935636337613934333738356466303435386338346330626635313463313838663165
36363637323561653935653238333438336665383634613430666632383263643739303835366232
36386261353439646434643431313433323639663938363234656161623736376534313861333531
62323839636233396136353961643662336232396131386334643639663365653061383763656363
35353136363862363165393266343537323731666665623231306235386661346636326230343835
33383635663433626130313933333432363338396265326537316233356632376132346363366165
39393130613766623539323237303464343366646533383331353665396166393333333562396466
64303134656639613530366463643666376135373930646235323664616562666137373730396665
30363737386634376430343536663032633736313834323636373234336131643631663765633635
34333963623962633239633838616431313232386536373938613065316363313839633835326131
34313538353862333136323839376361653032626232623262396530363232366431613563646136
33306431353166633866316265363531356130646533396233393066313733343430633833326462
63353535306664363439653338303838396362343362343363643233373732353830326635383062
33363463643838616537393834646361396231343464356531303333623062316135666362626339
61646265356562653230383533333165396230653961383163653463373937336563613237633864
64653261323362613231343332393931323661613830653634373333366639666138383236656636
65363830623337623363323939393938396130303262616463396564313831346531336666346262
3264663266633765623036663735653865643930346361366234
