$ANSIBLE_VAULT;1.1;AES256
30386366316666653136303033623462653234626238663165653761316661636131323537346134
3431303931646661623933656230633732333065343664370a313566353661383239363862313566
32343933303565376135383266666266353930323064376163376230306635653131663434363665
3261386436663735380a323365376430663536336661336166373234323236666162396563383434
36616339326430396332306233316339336565376663383838616234663361623931396363313333
32343134303965316532613230376165333664303837336666626235643137346661623436333566
63333732363735393266653632383235353762383131633932656534626631303435333732316366
39313236663763373930653832633637373739656164343763643933333433616232333038633038
34353639353030636530373637636566303531663866313366353634616237613466646364643632
63623065643330336233306333343562633335303934396430346365336138653233396636616432
64356330396262623861393961323935366632646630633464303936323738323035316139643931
35653132363761376635323665396366376539393437333333303034633866383565313639646533
38383161326435653138306531656435656465653134303037663939613762313037396231656166
35333963663165663830663639656162383836636266343036613661356264313431343262306431
63633431326239346539313635643562376163333832393532323565313336356562303931663563
30656561363864633966386365346161353062626631613061303232633431643634303531383565
66613930623438663738623132653764313762393936363862346630616437643930303664646131
38613961336231376332393761396536653165613333353431373064386331366234383564333734
32323063383136343864393334303163393961366566326361373531643662396630666662343561
34306665656434353561643939616130316564646338336637373839363861366363303739376433
39643263313261663263326163313338646131653137393438316238333432306436663732383961
62363131636335393533353230336432653065373461333234313937643564396237663632643431
33326439356230393561623166313466336330343337326438636231616239393838656162383439
30626463383637613334346463386339643632343363303766623634623036386137633563633166
34303364353634333830323938363165626661336261393361643036363938383837633663336666
33393432613638386664373432653962613632666530313562306633656463373532663432396233
31616361623333333230653434353565623662306639346261313033313333346464323466623734
30366561633362366462666630333939343039323738336461316132383534313430653563343933
33336638323564663232313534613536306530326461376462363766393230656562393233653762
39383935643738636533363034306537313866663132346162653263643462303432613133363134
64613139303466636534336333306332646339393536646437653132363161363661373032356262
39393761376439343437643963333963376365663064636261656436663765366237353539326230
6639
